100
2753728
4531204
3417652
4316874
3304530
789826
4950714
2721843
1488653
413196
3349455
4362048
1317877
707495
3721563
1979917
1937998
229566
315699
4265670
1610834
4821538
4101339
1107361
4825515
2396240
2059918
4092756
4864202
2615661
641689
3916024
2684685
1528519
4373146
27116
301026
4118442
3081156
165820
797933
1284920
720630
442579
428017
1311726
637136
1349663
461467
1745507
1340918
2023600
4336738
74624
3351358
2563368
2896309
4140918
1920456
163090
1210716
111562
4120263
2011994
2187243
4484600
1760269
4499384
1861297
327205
1791826
1915545
4628562
2003323
3612373
3258456
2613359
3457222
3418927
3338181
1859492
4821482
56358
3122040
394348
1716253
4913105
2501694
1047707
2832617
1002787
796212
4781399
2931697
4330983
4663935
4704896
123353
2226988
595168
